  0.0000000e+000  8.1560186e+000  6.4711146e+000
  1.0000000e+000  8.1560186e+000  6.4711146e+000
  2.0000000e+000  8.1560186e+000  6.4711146e+000
  3.0000000e+000  8.1560186e+000  6.4711146e+000
  4.0000000e+000  8.1560186e+000  6.4711146e+000
  5.0000000e+000  8.1560186e+000  6.4711146e+000
  6.0000000e+000  8.1560186e+000  6.4711146e+000
  7.0000000e+000  8.1560186e+000  6.4711146e+000
  8.0000000e+000  8.1560186e+000  6.4711146e+000
  9.0000000e+000  8.1560186e+000  6.4711146e+000
  1.0000000e+001  9.5058957e+000  6.7204324e+000
  1.1000000e+001  1.0729647e+001  6.9464552e+000
  1.2000000e+001  9.5058957e+000  6.7204324e+000
  1.3000000e+001  8.1560186e+000  6.4711146e+000
  1.4000000e+001  6.6769620e+000  6.1979378e+000
  1.5000000e+001  6.1166763e+000  6.2199704e+000
  1.6000000e+001  6.7561058e+000  6.6231339e+000
  1.7000000e+001  7.4474133e+000  7.0590067e+000
  1.8000000e+001  8.2624750e+000  7.3174430e+000
  1.9000000e+001  9.2159893e+000  7.3612152e+000
  2.0000000e+001  1.0369497e+001  7.4876748e+000
  2.1000000e+001  1.4689604e+001  9.4914960e+000
  2.2000000e+001  1.9306385e+001  1.1632925e+001
  2.3000000e+001  1.8128892e+001  9.9462535e+000
  2.4000000e+001  1.6447069e+001  8.0217716e+000
  2.5000000e+001  1.3738030e+001  6.7004847e+000
  2.6000000e+001  2.0710763e+001  9.1054946e+000
  2.7000000e+001  4.1272684e+001  1.6746915e+001
  2.8000000e+001  5.7707373e+001  2.1670624e+001
  2.9000000e+001  6.3365734e+001  2.3063241e+001
  3.0000000e+001  5.6248477e+001  2.0555865e+001
  3.1000000e+001  4.8414099e+001  1.8440098e+001
  3.2000000e+001  2.1540569e+001  8.6942809e+000
  3.3000000e+001  8.9344235e+000  3.6269675e+000
  3.4000000e+001  6.6313943e+000  1.7795882e+000
  3.5000000e+001  5.3689432e+000 -2.8610207e-002
  3.6000000e+001  6.8367165e+000  4.2394898e-001
  3.7000000e+001  8.2655584e+000  3.9927943e+000
  3.8000000e+001  8.4324948e+000  7.5581411e+000
  3.9000000e+001  5.1702718e+000  9.1740106e+000
  4.0000000e+001  4.4072965e+000  9.6377501e+000
  4.1000000e+001  4.5283178e+000  8.5565840e+000
  4.2000000e+001  4.9984722e+000  7.2483731e+000
  4.3000000e+001  5.6415403e+000  5.5843532e+000
  4.4000000e+001  6.5869129e+000  3.9759336e+000
  4.5000000e+001  3.3922850e+000 -9.6153290e-001
  4.6000000e+001  5.6666261e-001 -6.0309926e+000
  4.7000000e+001  2.3312536e+000 -9.2382523e+000
  4.8000000e+001  5.3029797e+000 -4.8851200e+000
  4.9000000e+001  7.1906632e+000  2.8446079e+000
  5.0000000e+001  3.6060960e+000  6.3722418e+000
  5.1000000e+001 -4.0227890e+000  2.6200300e+000
  5.2000000e+001 -7.6242338e+000 -6.8979654e+000
  5.3000000e+001 -5.2657331e+000 -7.1073447e+000
  5.4000000e+001  3.7064190e+000 -3.0250635e+000
  5.5000000e+001  5.5456973e+000  3.0612889e+000
  5.6000000e+001  2.5726188e+000  3.9683122e+000
  5.7000000e+001  1.0883094e+001  4.6118019e+000
  5.8000000e+001  1.7844915e+001  7.8495408e+000
  5.9000000e+001  2.9583008e+000  1.3051897e+001
  6.0000000e+001 -1.0983698e+001  1.5736954e+001
  6.1000000e+001 -1.5178974e+001  2.4962365e+001
  6.2000000e+001 -1.0196947e+001  2.4943831e+001
  6.3000000e+001  4.8348809e+001  7.2176433e+001
   6.4000000e+01   0.0000000e+00   0.0000000e+00
   6.5000000e+01   0.0000000e+00   0.0000000e+00
   6.6000000e+01   0.0000000e+00   0.0000000e+00
   6.7000000e+01   0.0000000e+00   0.0000000e+00
   6.8000000e+01   0.0000000e+00   0.0000000e+00
   6.9000000e+01   0.0000000e+00   0.0000000e+00
   7.0000000e+01   0.0000000e+00   0.0000000e+00
   7.1000000e+01   0.0000000e+00   0.0000000e+00
   7.2000000e+01   0.0000000e+00   0.0000000e+00
   7.3000000e+01   0.0000000e+00   0.0000000e+00
   7.4000000e+01   0.0000000e+00   0.0000000e+00
   7.5000000e+01   0.0000000e+00   0.0000000e+00
   7.6000000e+01   0.0000000e+00   0.0000000e+00
   7.7000000e+01   0.0000000e+00   0.0000000e+00
   7.8000000e+01   0.0000000e+00   0.0000000e+00
   7.9000000e+01   0.0000000e+00   0.0000000e+00
   8.0000000e+01   0.0000000e+00   0.0000000e+00
   8.1000000e+01   0.0000000e+00   0.0000000e+00
   8.2000000e+01   0.0000000e+00   0.0000000e+00
   8.3000000e+01   0.0000000e+00   0.0000000e+00
   8.4000000e+01   0.0000000e+00   0.0000000e+00
   8.5000000e+01   0.0000000e+00   0.0000000e+00
   8.6000000e+01   0.0000000e+00   0.0000000e+00
   8.7000000e+01   0.0000000e+00   0.0000000e+00
   8.8000000e+01   0.0000000e+00   0.0000000e+00
   8.9000000e+01   0.0000000e+00   0.0000000e+00
   9.0000000e+01   0.0000000e+00   0.0000000e+00
   9.1000000e+01   0.0000000e+00   0.0000000e+00
   9.2000000e+01   0.0000000e+00   0.0000000e+00
   9.3000000e+01   0.0000000e+00   0.0000000e+00
   9.4000000e+01   0.0000000e+00   0.0000000e+00
   9.5000000e+01   0.0000000e+00   0.0000000e+00
   9.6000000e+01   0.0000000e+00   0.0000000e+00
   9.7000000e+01   0.0000000e+00   0.0000000e+00
   9.8000000e+01   0.0000000e+00   0.0000000e+00
   9.9000000e+01   0.0000000e+00   0.0000000e+00
   1.0000000e+02   0.0000000e+00   0.0000000e+00
   1.0100000e+02   0.0000000e+00   0.0000000e+00
   1.0200000e+02   0.0000000e+00   0.0000000e+00
   1.0300000e+02   0.0000000e+00   0.0000000e+00
   1.0400000e+02   0.0000000e+00   0.0000000e+00
   1.0500000e+02   0.0000000e+00   0.0000000e+00
   1.0600000e+02   0.0000000e+00   0.0000000e+00
   1.0700000e+02   0.0000000e+00   0.0000000e+00
   1.0800000e+02   0.0000000e+00   0.0000000e+00
   1.0900000e+02   0.0000000e+00   0.0000000e+00
   1.1000000e+02   0.0000000e+00   0.0000000e+00
   1.1100000e+02   0.0000000e+00   0.0000000e+00
   1.1200000e+02   0.0000000e+00   0.0000000e+00
   1.1300000e+02   0.0000000e+00   0.0000000e+00
   1.1400000e+02   0.0000000e+00   0.0000000e+00
   1.1500000e+02   0.0000000e+00   0.0000000e+00
   1.1600000e+02   0.0000000e+00   0.0000000e+00
   1.1700000e+02   0.0000000e+00   0.0000000e+00
   1.1800000e+02   0.0000000e+00   0.0000000e+00
   1.1900000e+02   0.0000000e+00   0.0000000e+00
   1.2000000e+02   0.0000000e+00   0.0000000e+00
   1.2100000e+02   0.0000000e+00   0.0000000e+00
   1.2200000e+02   0.0000000e+00   0.0000000e+00
   1.2300000e+02   0.0000000e+00   0.0000000e+00
   1.2400000e+02   0.0000000e+00   0.0000000e+00
   1.2500000e+02   0.0000000e+00   0.0000000e+00
   1.2600000e+02   0.0000000e+00   0.0000000e+00
   1.2700000e+02   0.0000000e+00   0.0000000e+00
   1.2800000e+02   0.0000000e+00   0.0000000e+00
   1.2900000e+02   0.0000000e+00   0.0000000e+00
   1.3000000e+02   0.0000000e+00   0.0000000e+00
   1.3100000e+02   0.0000000e+00   0.0000000e+00
   1.3200000e+02   0.0000000e+00   0.0000000e+00
   1.3300000e+02   0.0000000e+00   0.0000000e+00
   1.3400000e+02   0.0000000e+00   0.0000000e+00
   1.3500000e+02   0.0000000e+00   0.0000000e+00
   1.3600000e+02   0.0000000e+00   0.0000000e+00
   1.3700000e+02   0.0000000e+00   0.0000000e+00
   1.3800000e+02   0.0000000e+00   0.0000000e+00
   1.3900000e+02   0.0000000e+00   0.0000000e+00
   1.4000000e+02   0.0000000e+00   0.0000000e+00
   1.4100000e+02   0.0000000e+00   0.0000000e+00
   1.4200000e+02   0.0000000e+00   0.0000000e+00
   1.4300000e+02   0.0000000e+00   0.0000000e+00
   1.4400000e+02   0.0000000e+00   0.0000000e+00
   1.4500000e+02   0.0000000e+00   0.0000000e+00
   1.4600000e+02   0.0000000e+00   0.0000000e+00
   1.4700000e+02   0.0000000e+00   0.0000000e+00
   1.4800000e+02   0.0000000e+00   0.0000000e+00
   1.4900000e+02   0.0000000e+00   0.0000000e+00
   1.5000000e+02   0.0000000e+00   0.0000000e+00
   1.5100000e+02   0.0000000e+00   0.0000000e+00
   1.5200000e+02   0.0000000e+00   0.0000000e+00
   1.5300000e+02   0.0000000e+00   0.0000000e+00
   1.5400000e+02   0.0000000e+00   0.0000000e+00
   1.5500000e+02   0.0000000e+00   0.0000000e+00
   1.5600000e+02   0.0000000e+00   0.0000000e+00
   1.5700000e+02   0.0000000e+00   0.0000000e+00
   1.5800000e+02   0.0000000e+00   0.0000000e+00
   1.5900000e+02   0.0000000e+00   0.0000000e+00
   1.6000000e+02   0.0000000e+00   0.0000000e+00
   1.6100000e+02   0.0000000e+00   0.0000000e+00
   1.6200000e+02   0.0000000e+00   0.0000000e+00
   1.6300000e+02   0.0000000e+00   0.0000000e+00
   1.6400000e+02   0.0000000e+00   0.0000000e+00
   1.6500000e+02   0.0000000e+00   0.0000000e+00
   1.6600000e+02   0.0000000e+00   0.0000000e+00
   1.6700000e+02   0.0000000e+00   0.0000000e+00
   1.6800000e+02   0.0000000e+00   0.0000000e+00
   1.6900000e+02   0.0000000e+00   0.0000000e+00
   1.7000000e+02   0.0000000e+00   0.0000000e+00
   1.7100000e+02   0.0000000e+00   0.0000000e+00
   1.7200000e+02   0.0000000e+00   0.0000000e+00
   1.7300000e+02   0.0000000e+00   0.0000000e+00
   1.7400000e+02   0.0000000e+00   0.0000000e+00
   1.7500000e+02   0.0000000e+00   0.0000000e+00
   1.7600000e+02   0.0000000e+00   0.0000000e+00
   1.7700000e+02   0.0000000e+00   0.0000000e+00
   1.7800000e+02   0.0000000e+00   0.0000000e+00
   1.7900000e+02   0.0000000e+00   0.0000000e+00
   1.8000000e+02   0.0000000e+00   0.0000000e+00
   1.8100000e+02   0.0000000e+00   0.0000000e+00
   1.8200000e+02   0.0000000e+00   0.0000000e+00
   1.8300000e+02   0.0000000e+00   0.0000000e+00
   1.8400000e+02   0.0000000e+00   0.0000000e+00
   1.8500000e+02   0.0000000e+00   0.0000000e+00
   1.8600000e+02   0.0000000e+00   0.0000000e+00
   1.8700000e+02   0.0000000e+00   0.0000000e+00
   1.8800000e+02   0.0000000e+00   0.0000000e+00
   1.8900000e+02   0.0000000e+00   0.0000000e+00
   1.9000000e+02   0.0000000e+00   0.0000000e+00
   1.9100000e+02   0.0000000e+00   0.0000000e+00
   1.9200000e+02   0.0000000e+00   0.0000000e+00
   1.9300000e+02   0.0000000e+00   0.0000000e+00
   1.9400000e+02   0.0000000e+00   0.0000000e+00
   1.9500000e+02   0.0000000e+00   0.0000000e+00
   1.9600000e+02   0.0000000e+00   0.0000000e+00
   1.9700000e+02   0.0000000e+00   0.0000000e+00
   1.9800000e+02   0.0000000e+00   0.0000000e+00
   1.9900000e+02   0.0000000e+00   0.0000000e+00
   2.0000000e+02   0.0000000e+00   0.0000000e+00
   2.0100000e+02   0.0000000e+00   0.0000000e+00
   2.0200000e+02   0.0000000e+00   0.0000000e+00
   2.0300000e+02   0.0000000e+00   0.0000000e+00
   2.0400000e+02   0.0000000e+00   0.0000000e+00
   2.0500000e+02   0.0000000e+00   0.0000000e+00
   2.0600000e+02   0.0000000e+00   0.0000000e+00
   2.0700000e+02   0.0000000e+00   0.0000000e+00
   2.0800000e+02   0.0000000e+00   0.0000000e+00
   2.0900000e+02   0.0000000e+00   0.0000000e+00
   2.1000000e+02   0.0000000e+00   0.0000000e+00
   2.1100000e+02   0.0000000e+00   0.0000000e+00
   2.1200000e+02   0.0000000e+00   0.0000000e+00
   2.1300000e+02   0.0000000e+00   0.0000000e+00
   2.1400000e+02   0.0000000e+00   0.0000000e+00
   2.1500000e+02   0.0000000e+00   0.0000000e+00
   2.1600000e+02   0.0000000e+00   0.0000000e+00
   2.1700000e+02   0.0000000e+00   0.0000000e+00
   2.1800000e+02   0.0000000e+00   0.0000000e+00
   2.1900000e+02   0.0000000e+00   0.0000000e+00
   2.2000000e+02   0.0000000e+00   0.0000000e+00
   2.2100000e+02   0.0000000e+00   0.0000000e+00
   2.2200000e+02   0.0000000e+00   0.0000000e+00
   2.2300000e+02   0.0000000e+00   0.0000000e+00
   2.2400000e+02   0.0000000e+00   0.0000000e+00
   2.2500000e+02   0.0000000e+00   0.0000000e+00
   2.2600000e+02   0.0000000e+00   0.0000000e+00
   2.2700000e+02   0.0000000e+00   0.0000000e+00
   2.2800000e+02   0.0000000e+00   0.0000000e+00
   2.2900000e+02   0.0000000e+00   0.0000000e+00
   2.3000000e+02   0.0000000e+00   0.0000000e+00
   2.3100000e+02   0.0000000e+00   0.0000000e+00
   2.3200000e+02   0.0000000e+00   0.0000000e+00
   2.3300000e+02   0.0000000e+00   0.0000000e+00
   2.3400000e+02   0.0000000e+00   0.0000000e+00
   2.3500000e+02   0.0000000e+00   0.0000000e+00
   2.3600000e+02   0.0000000e+00   0.0000000e+00
   2.3700000e+02   0.0000000e+00   0.0000000e+00
   2.3800000e+02   0.0000000e+00   0.0000000e+00
   2.3900000e+02   0.0000000e+00   0.0000000e+00
   2.4000000e+02   0.0000000e+00   0.0000000e+00
   2.4100000e+02   0.0000000e+00   0.0000000e+00
   2.4200000e+02   0.0000000e+00   0.0000000e+00
   2.4300000e+02   0.0000000e+00   0.0000000e+00
   2.4400000e+02   0.0000000e+00   0.0000000e+00
   2.4500000e+02   0.0000000e+00   0.0000000e+00
   2.4600000e+02   0.0000000e+00   0.0000000e+00
   2.4700000e+02   0.0000000e+00   0.0000000e+00
   2.4800000e+02   0.0000000e+00   0.0000000e+00
   2.4900000e+02   0.0000000e+00   0.0000000e+00
   2.5000000e+02   0.0000000e+00   0.0000000e+00
   2.5100000e+02   0.0000000e+00   0.0000000e+00
   2.5200000e+02   0.0000000e+00   0.0000000e+00
   2.5300000e+02   0.0000000e+00   0.0000000e+00
   2.5400000e+02   0.0000000e+00   0.0000000e+00
   2.5500000e+02   0.0000000e+00   0.0000000e+00
   2.5600000e+02   0.0000000e+00   0.0000000e+00
   2.5700000e+02   0.0000000e+00   0.0000000e+00
   2.5800000e+02   0.0000000e+00   0.0000000e+00
   2.5900000e+02   0.0000000e+00   0.0000000e+00
   2.6000000e+02   0.0000000e+00   0.0000000e+00
   2.6100000e+02   0.0000000e+00   0.0000000e+00
   2.6200000e+02   0.0000000e+00   0.0000000e+00
   2.6300000e+02   0.0000000e+00   0.0000000e+00
   2.6400000e+02   0.0000000e+00   0.0000000e+00
   2.6500000e+02   0.0000000e+00   0.0000000e+00
   2.6600000e+02   0.0000000e+00   0.0000000e+00
   2.6700000e+02   0.0000000e+00   0.0000000e+00
   2.6800000e+02   0.0000000e+00   0.0000000e+00
   2.6900000e+02   0.0000000e+00   0.0000000e+00
   2.7000000e+02   0.0000000e+00   0.0000000e+00
   2.7100000e+02   0.0000000e+00   0.0000000e+00
   2.7200000e+02   0.0000000e+00   0.0000000e+00
   2.7300000e+02   0.0000000e+00   0.0000000e+00
   2.7400000e+02   0.0000000e+00   0.0000000e+00
   2.7500000e+02   0.0000000e+00   0.0000000e+00
   2.7600000e+02   0.0000000e+00   0.0000000e+00
   2.7700000e+02   0.0000000e+00   0.0000000e+00
   2.7800000e+02   0.0000000e+00   0.0000000e+00
   2.7900000e+02   0.0000000e+00   0.0000000e+00
   2.8000000e+02   0.0000000e+00   0.0000000e+00
   2.8100000e+02   0.0000000e+00   0.0000000e+00
   2.8200000e+02   0.0000000e+00   0.0000000e+00
   2.8300000e+02   0.0000000e+00   0.0000000e+00
   2.8400000e+02   0.0000000e+00   0.0000000e+00
   2.8500000e+02   0.0000000e+00   0.0000000e+00
   2.8600000e+02   0.0000000e+00   0.0000000e+00
   2.8700000e+02   0.0000000e+00   0.0000000e+00
   2.8800000e+02   0.0000000e+00   0.0000000e+00
   2.8900000e+02   0.0000000e+00   0.0000000e+00
   2.9000000e+02   0.0000000e+00   0.0000000e+00
   2.9100000e+02   0.0000000e+00   0.0000000e+00
   2.9200000e+02   0.0000000e+00   0.0000000e+00
   2.9300000e+02   0.0000000e+00   0.0000000e+00
   2.9400000e+02   0.0000000e+00   0.0000000e+00
   2.9500000e+02   0.0000000e+00   0.0000000e+00
   2.9600000e+02   0.0000000e+00   0.0000000e+00
   2.9700000e+02   0.0000000e+00   0.0000000e+00
   2.9800000e+02   0.0000000e+00   0.0000000e+00
   2.9900000e+02   0.0000000e+00   0.0000000e+00
   3.0000000e+02   0.0000000e+00   0.0000000e+00
   3.0100000e+02   0.0000000e+00   0.0000000e+00
   3.0200000e+02   0.0000000e+00   0.0000000e+00
   3.0300000e+02   0.0000000e+00   0.0000000e+00
   3.0400000e+02   0.0000000e+00   0.0000000e+00
   3.0500000e+02   0.0000000e+00   0.0000000e+00
   3.0600000e+02   0.0000000e+00   0.0000000e+00
   3.0700000e+02   0.0000000e+00   0.0000000e+00
   3.0800000e+02   0.0000000e+00   0.0000000e+00
   3.0900000e+02   0.0000000e+00   0.0000000e+00
   3.1000000e+02   0.0000000e+00   0.0000000e+00