  0.0000000e+000  0.0000000e+000  0.0000000e+000
  1.0000000e+000  0.0000000e+000  0.0000000e+000
  2.0000000e+000  0.0000000e+000  0.0000000e+000
  3.0000000e+000  0.0000000e+000  0.0000000e+000
  4.0000000e+000  0.0000000e+000  0.0000000e+000
  5.0000000e+000  0.0000000e+000  0.0000000e+000
  6.0000000e+000  0.0000000e+000  0.0000000e+000
  7.0000000e+000  0.0000000e+000  0.0000000e+000
  8.0000000e+000  0.0000000e+000  0.0000000e+000
  9.0000000e+000  0.0000000e+000  0.0000000e+000
  1.0000000e+001  0.0000000e+000  0.0000000e+000
  1.1000000e+001  1.3889702e+001  1.3889702e+001
  1.2000000e+001  1.4688684e+001  1.4688684e+001
  1.3000000e+001  1.5570142e+001  1.5570142e+001
  1.4000000e+001  1.6536165e+001  1.6536165e+001
  1.5000000e+001  1.6235403e+001  1.5585829e+001
  1.6000000e+001  1.5515852e+001  1.3972630e+001
  1.7000000e+001  1.4737612e+001  1.2227851e+001
  1.8000000e+001  9.1652477e+000  5.5278012e+000
  1.9000000e+001  1.5263258e+000 -3.3537391e+000
  2.0000000e+001 -2.1767575e+000 -8.0463407e+000
  2.1000000e+001  5.6805946e+000 -3.4482629e-001
  2.2000000e+001  1.2454668e+001  6.5146785e+000
  2.3000000e+001  1.1814676e+001  7.1835014e+000
  2.4000000e+001  1.0554563e+001  7.9057311e+000
  2.5000000e+001  7.9623867e+000  8.6956886e+000
  2.6000000e+001  5.6289840e+000  9.2061011e+000
  2.7000000e+001  3.8787445e+000  9.4596514e+000
  2.8000000e+001  5.9015631e+000  8.8903700e+000
  2.9000000e+001  4.6011652e+000  4.7646547e+000
  3.0000000e+001  1.8832371e+000 -4.2161824e-001
  3.1000000e+001 -4.6642165e-001 -4.1008343e+000
  3.2000000e+001 -3.0147995e+000 -5.6045758e+000
  3.3000000e+001 -5.3168710e+000 -6.4151105e+000
  3.4000000e+001 -7.4817923e+000 -5.9458394e+000
  3.5000000e+001 -6.9061671e+000 -3.7154298e+000
  3.6000000e+001 -4.4635329e+000 -2.1207143e+000
  3.7000000e+001 -1.4297651e+000 -1.7316290e+000
  3.8000000e+001  6.8799406e-001 -4.1200581e+000
  3.9000000e+001  1.4928182e+000 -8.2753402e+000
  4.0000000e+001  3.0141032e+000 -1.4515634e+001
  4.1000000e+001  3.9703999e+000 -2.0341069e+001
  4.2000000e+001  5.7507699e+000 -1.9155534e+001
  4.3000000e+001  7.6714019e+000 -1.6088287e+001
  4.4000000e+001  8.5614135e+000 -1.8125413e+001
  4.5000000e+001  8.4759814e+000 -2.0978790e+001
  4.6000000e+001  4.2510479e+000 -2.2602898e+001
  4.7000000e+001  2.7928365e+000 -1.2761804e+001
  4.8000000e+001 -1.1721173e+000 -9.4507289e+000
  4.9000000e+001 -7.2510800e+000 -1.2660036e+001
  5.0000000e+001 -5.9186746e+000 -1.2655734e+001
  5.1000000e+001 -2.2411566e+000 -1.0862888e+001
  5.2000000e+001  6.5234671e+000  6.8813125e+000
  5.3000000e+001  3.2408259e+000 -2.9189867e+000
  5.4000000e+001  2.8163152e+000  1.3047120e+000
  5.5000000e+001  3.3963805e+000  7.3743462e+000
  5.6000000e+001  9.4422123e+000  1.0728732e+001
  5.7000000e+001  1.8371051e+001  1.2872288e+001
  5.8000000e+001  1.9788660e+001  1.9495571e+001
  5.9000000e+001  2.2545134e+001  1.8036468e+001
  6.0000000e+001  2.3247949e+001  1.8753485e+001
  6.1000000e+001  2.6183541e+001  1.6434862e+001
  6.2000000e+001  3.2010372e+001  3.2151348e+001
   6.3000000e+01   0.0000000e+00   0.0000000e+00
   6.4000000e+01   0.0000000e+00   0.0000000e+00
   6.5000000e+01   0.0000000e+00   0.0000000e+00
   6.6000000e+01   0.0000000e+00   0.0000000e+00
   6.7000000e+01   0.0000000e+00   0.0000000e+00
   6.8000000e+01   0.0000000e+00   0.0000000e+00
   6.9000000e+01   0.0000000e+00   0.0000000e+00
   7.0000000e+01   0.0000000e+00   0.0000000e+00
   7.1000000e+01   0.0000000e+00   0.0000000e+00
   7.2000000e+01   0.0000000e+00   0.0000000e+00
   7.3000000e+01   0.0000000e+00   0.0000000e+00
   7.4000000e+01   0.0000000e+00   0.0000000e+00
   7.5000000e+01   0.0000000e+00   0.0000000e+00
   7.6000000e+01   0.0000000e+00   0.0000000e+00
   7.7000000e+01   0.0000000e+00   0.0000000e+00
   7.8000000e+01   0.0000000e+00   0.0000000e+00
   7.9000000e+01   0.0000000e+00   0.0000000e+00
   8.0000000e+01   0.0000000e+00   0.0000000e+00
   8.1000000e+01   0.0000000e+00   0.0000000e+00
   8.2000000e+01   0.0000000e+00   0.0000000e+00
   8.3000000e+01   0.0000000e+00   0.0000000e+00
   8.4000000e+01   0.0000000e+00   0.0000000e+00
   8.5000000e+01   0.0000000e+00   0.0000000e+00
   8.6000000e+01   0.0000000e+00   0.0000000e+00
   8.7000000e+01   0.0000000e+00   0.0000000e+00
   8.8000000e+01   0.0000000e+00   0.0000000e+00
   8.9000000e+01   0.0000000e+00   0.0000000e+00
   9.0000000e+01   0.0000000e+00   0.0000000e+00
   9.1000000e+01   0.0000000e+00   0.0000000e+00
   9.2000000e+01   0.0000000e+00   0.0000000e+00
   9.3000000e+01   0.0000000e+00   0.0000000e+00
   9.4000000e+01   0.0000000e+00   0.0000000e+00
   9.5000000e+01   0.0000000e+00   0.0000000e+00
   9.6000000e+01   0.0000000e+00   0.0000000e+00
   9.7000000e+01   0.0000000e+00   0.0000000e+00
   9.8000000e+01   0.0000000e+00   0.0000000e+00
   9.9000000e+01   0.0000000e+00   0.0000000e+00
   1.0000000e+02   0.0000000e+00   0.0000000e+00
   1.0100000e+02   0.0000000e+00   0.0000000e+00
   1.0200000e+02   0.0000000e+00   0.0000000e+00
   1.0300000e+02   0.0000000e+00   0.0000000e+00
   1.0400000e+02   0.0000000e+00   0.0000000e+00
   1.0500000e+02   0.0000000e+00   0.0000000e+00
   1.0600000e+02   0.0000000e+00   0.0000000e+00
   1.0700000e+02   0.0000000e+00   0.0000000e+00
   1.0800000e+02   0.0000000e+00   0.0000000e+00
   1.0900000e+02   0.0000000e+00   0.0000000e+00
   1.1000000e+02   0.0000000e+00   0.0000000e+00
   1.1100000e+02   0.0000000e+00   0.0000000e+00
   1.1200000e+02   0.0000000e+00   0.0000000e+00
   1.1300000e+02   0.0000000e+00   0.0000000e+00
   1.1400000e+02   0.0000000e+00   0.0000000e+00
   1.1500000e+02   0.0000000e+00   0.0000000e+00
   1.1600000e+02   0.0000000e+00   0.0000000e+00
   1.1700000e+02   0.0000000e+00   0.0000000e+00
   1.1800000e+02   0.0000000e+00   0.0000000e+00
   1.1900000e+02   0.0000000e+00   0.0000000e+00
   1.2000000e+02   0.0000000e+00   0.0000000e+00
   1.2100000e+02   0.0000000e+00   0.0000000e+00
   1.2200000e+02   0.0000000e+00   0.0000000e+00
   1.2300000e+02   0.0000000e+00   0.0000000e+00
   1.2400000e+02   0.0000000e+00   0.0000000e+00
   1.2500000e+02   0.0000000e+00   0.0000000e+00
   1.2600000e+02   0.0000000e+00   0.0000000e+00
   1.2700000e+02   0.0000000e+00   0.0000000e+00
   1.2800000e+02   0.0000000e+00   0.0000000e+00
   1.2900000e+02   0.0000000e+00   0.0000000e+00
   1.3000000e+02   0.0000000e+00   0.0000000e+00
   1.3100000e+02   0.0000000e+00   0.0000000e+00
   1.3200000e+02   0.0000000e+00   0.0000000e+00
   1.3300000e+02   0.0000000e+00   0.0000000e+00
   1.3400000e+02   0.0000000e+00   0.0000000e+00
   1.3500000e+02   0.0000000e+00   0.0000000e+00
   1.3600000e+02   0.0000000e+00   0.0000000e+00
   1.3700000e+02   0.0000000e+00   0.0000000e+00
   1.3800000e+02   0.0000000e+00   0.0000000e+00
   1.3900000e+02   0.0000000e+00   0.0000000e+00
   1.4000000e+02   0.0000000e+00   0.0000000e+00
   1.4100000e+02   0.0000000e+00   0.0000000e+00
   1.4200000e+02   0.0000000e+00   0.0000000e+00
   1.4300000e+02   0.0000000e+00   0.0000000e+00
   1.4400000e+02   0.0000000e+00   0.0000000e+00
   1.4500000e+02   0.0000000e+00   0.0000000e+00
   1.4600000e+02   0.0000000e+00   0.0000000e+00
   1.4700000e+02   0.0000000e+00   0.0000000e+00
   1.4800000e+02   0.0000000e+00   0.0000000e+00
   1.4900000e+02   0.0000000e+00   0.0000000e+00
   1.5000000e+02   0.0000000e+00   0.0000000e+00
   1.5100000e+02   0.0000000e+00   0.0000000e+00
   1.5200000e+02   0.0000000e+00   0.0000000e+00
   1.5300000e+02   0.0000000e+00   0.0000000e+00
   1.5400000e+02   0.0000000e+00   0.0000000e+00
   1.5500000e+02   0.0000000e+00   0.0000000e+00
   1.5600000e+02   0.0000000e+00   0.0000000e+00
   1.5700000e+02   0.0000000e+00   0.0000000e+00
   1.5800000e+02   0.0000000e+00   0.0000000e+00
   1.5900000e+02   0.0000000e+00   0.0000000e+00
   1.6000000e+02   0.0000000e+00   0.0000000e+00
   1.6100000e+02   0.0000000e+00   0.0000000e+00
   1.6200000e+02   0.0000000e+00   0.0000000e+00
   1.6300000e+02   0.0000000e+00   0.0000000e+00
   1.6400000e+02   0.0000000e+00   0.0000000e+00
   1.6500000e+02   0.0000000e+00   0.0000000e+00
   1.6600000e+02   0.0000000e+00   0.0000000e+00
   1.6700000e+02   0.0000000e+00   0.0000000e+00
   1.6800000e+02   0.0000000e+00   0.0000000e+00
   1.6900000e+02   0.0000000e+00   0.0000000e+00
   1.7000000e+02   0.0000000e+00   0.0000000e+00
   1.7100000e+02   0.0000000e+00   0.0000000e+00
   1.7200000e+02   0.0000000e+00   0.0000000e+00
   1.7300000e+02   0.0000000e+00   0.0000000e+00
   1.7400000e+02   0.0000000e+00   0.0000000e+00
   1.7500000e+02   0.0000000e+00   0.0000000e+00
   1.7600000e+02   0.0000000e+00   0.0000000e+00
   1.7700000e+02   0.0000000e+00   0.0000000e+00
   1.7800000e+02   0.0000000e+00   0.0000000e+00
   1.7900000e+02   0.0000000e+00   0.0000000e+00
   1.8000000e+02   0.0000000e+00   0.0000000e+00
   1.8100000e+02   0.0000000e+00   0.0000000e+00
   1.8200000e+02   0.0000000e+00   0.0000000e+00
   1.8300000e+02   0.0000000e+00   0.0000000e+00
   1.8400000e+02   0.0000000e+00   0.0000000e+00
   1.8500000e+02   0.0000000e+00   0.0000000e+00
   1.8600000e+02   0.0000000e+00   0.0000000e+00
   1.8700000e+02   0.0000000e+00   0.0000000e+00
   1.8800000e+02   0.0000000e+00   0.0000000e+00
   1.8900000e+02   0.0000000e+00   0.0000000e+00
   1.9000000e+02   0.0000000e+00   0.0000000e+00
   1.9100000e+02   0.0000000e+00   0.0000000e+00
   1.9200000e+02   0.0000000e+00   0.0000000e+00
   1.9300000e+02   0.0000000e+00   0.0000000e+00
   1.9400000e+02   0.0000000e+00   0.0000000e+00
   1.9500000e+02   0.0000000e+00   0.0000000e+00
   1.9600000e+02   0.0000000e+00   0.0000000e+00
   1.9700000e+02   0.0000000e+00   0.0000000e+00
   1.9800000e+02   0.0000000e+00   0.0000000e+00
   1.9900000e+02   0.0000000e+00   0.0000000e+00
   2.0000000e+02   0.0000000e+00   0.0000000e+00
   2.0100000e+02   0.0000000e+00   0.0000000e+00
   2.0200000e+02   0.0000000e+00   0.0000000e+00
   2.0300000e+02   0.0000000e+00   0.0000000e+00
   2.0400000e+02   0.0000000e+00   0.0000000e+00
   2.0500000e+02   0.0000000e+00   0.0000000e+00
   2.0600000e+02   0.0000000e+00   0.0000000e+00
   2.0700000e+02   0.0000000e+00   0.0000000e+00
   2.0800000e+02   0.0000000e+00   0.0000000e+00
   2.0900000e+02   0.0000000e+00   0.0000000e+00
   2.1000000e+02   0.0000000e+00   0.0000000e+00
   2.1100000e+02   0.0000000e+00   0.0000000e+00
   2.1200000e+02   0.0000000e+00   0.0000000e+00
   2.1300000e+02   0.0000000e+00   0.0000000e+00
   2.1400000e+02   0.0000000e+00   0.0000000e+00
   2.1500000e+02   0.0000000e+00   0.0000000e+00
   2.1600000e+02   0.0000000e+00   0.0000000e+00
   2.1700000e+02   0.0000000e+00   0.0000000e+00
   2.1800000e+02   0.0000000e+00   0.0000000e+00
   2.1900000e+02   0.0000000e+00   0.0000000e+00
   2.2000000e+02   0.0000000e+00   0.0000000e+00
   2.2100000e+02   0.0000000e+00   0.0000000e+00
   2.2200000e+02   0.0000000e+00   0.0000000e+00
   2.2300000e+02   0.0000000e+00   0.0000000e+00
   2.2400000e+02   0.0000000e+00   0.0000000e+00
   2.2500000e+02   0.0000000e+00   0.0000000e+00
   2.2600000e+02   0.0000000e+00   0.0000000e+00
   2.2700000e+02   0.0000000e+00   0.0000000e+00
   2.2800000e+02   0.0000000e+00   0.0000000e+00
   2.2900000e+02   0.0000000e+00   0.0000000e+00
   2.3000000e+02   0.0000000e+00   0.0000000e+00
   2.3100000e+02   0.0000000e+00   0.0000000e+00
   2.3200000e+02   0.0000000e+00   0.0000000e+00
   2.3300000e+02   0.0000000e+00   0.0000000e+00
   2.3400000e+02   0.0000000e+00   0.0000000e+00
   2.3500000e+02   0.0000000e+00   0.0000000e+00
   2.3600000e+02   0.0000000e+00   0.0000000e+00
   2.3700000e+02   0.0000000e+00   0.0000000e+00
   2.3800000e+02   0.0000000e+00   0.0000000e+00
   2.3900000e+02   0.0000000e+00   0.0000000e+00
   2.4000000e+02   0.0000000e+00   0.0000000e+00
   2.4100000e+02   0.0000000e+00   0.0000000e+00
   2.4200000e+02   0.0000000e+00   0.0000000e+00
   2.4300000e+02   0.0000000e+00   0.0000000e+00
   2.4400000e+02   0.0000000e+00   0.0000000e+00
   2.4500000e+02   0.0000000e+00   0.0000000e+00
   2.4600000e+02   0.0000000e+00   0.0000000e+00
   2.4700000e+02   0.0000000e+00   0.0000000e+00
   2.4800000e+02   0.0000000e+00   0.0000000e+00
   2.4900000e+02   0.0000000e+00   0.0000000e+00
   2.5000000e+02   0.0000000e+00   0.0000000e+00
   2.5100000e+02   0.0000000e+00   0.0000000e+00
   2.5200000e+02   0.0000000e+00   0.0000000e+00
   2.5300000e+02   0.0000000e+00   0.0000000e+00
   2.5400000e+02   0.0000000e+00   0.0000000e+00
   2.5500000e+02   0.0000000e+00   0.0000000e+00
   2.5600000e+02   0.0000000e+00   0.0000000e+00
   2.5700000e+02   0.0000000e+00   0.0000000e+00
   2.5800000e+02   0.0000000e+00   0.0000000e+00
   2.5900000e+02   0.0000000e+00   0.0000000e+00
   2.6000000e+02   0.0000000e+00   0.0000000e+00
   2.6100000e+02   0.0000000e+00   0.0000000e+00
   2.6200000e+02   0.0000000e+00   0.0000000e+00
   2.6300000e+02   0.0000000e+00   0.0000000e+00
   2.6400000e+02   0.0000000e+00   0.0000000e+00
   2.6500000e+02   0.0000000e+00   0.0000000e+00
   2.6600000e+02   0.0000000e+00   0.0000000e+00
   2.6700000e+02   0.0000000e+00   0.0000000e+00
   2.6800000e+02   0.0000000e+00   0.0000000e+00
   2.6900000e+02   0.0000000e+00   0.0000000e+00
   2.7000000e+02   0.0000000e+00   0.0000000e+00
   2.7100000e+02   0.0000000e+00   0.0000000e+00
   2.7200000e+02   0.0000000e+00   0.0000000e+00
   2.7300000e+02   0.0000000e+00   0.0000000e+00
   2.7400000e+02   0.0000000e+00   0.0000000e+00
   2.7500000e+02   0.0000000e+00   0.0000000e+00
   2.7600000e+02   0.0000000e+00   0.0000000e+00
   2.7700000e+02   0.0000000e+00   0.0000000e+00
   2.7800000e+02   0.0000000e+00   0.0000000e+00
   2.7900000e+02   0.0000000e+00   0.0000000e+00
   2.8000000e+02   0.0000000e+00   0.0000000e+00
   2.8100000e+02   0.0000000e+00   0.0000000e+00
   2.8200000e+02   0.0000000e+00   0.0000000e+00
   2.8300000e+02   0.0000000e+00   0.0000000e+00
   2.8400000e+02   0.0000000e+00   0.0000000e+00
   2.8500000e+02   0.0000000e+00   0.0000000e+00
   2.8600000e+02   0.0000000e+00   0.0000000e+00
   2.8700000e+02   0.0000000e+00   0.0000000e+00
   2.8800000e+02   0.0000000e+00   0.0000000e+00
   2.8900000e+02   0.0000000e+00   0.0000000e+00
   2.9000000e+02   0.0000000e+00   0.0000000e+00
   2.9100000e+02   0.0000000e+00   0.0000000e+00
   2.9200000e+02   0.0000000e+00   0.0000000e+00
   2.9300000e+02   0.0000000e+00   0.0000000e+00
   2.9400000e+02   0.0000000e+00   0.0000000e+00
   2.9500000e+02   0.0000000e+00   0.0000000e+00
   2.9600000e+02   0.0000000e+00   0.0000000e+00
   2.9700000e+02   0.0000000e+00   0.0000000e+00
   2.9800000e+02   0.0000000e+00   0.0000000e+00
   2.9900000e+02   0.0000000e+00   0.0000000e+00
   3.0000000e+02   0.0000000e+00   0.0000000e+00
   3.0100000e+02   0.0000000e+00   0.0000000e+00
   3.0200000e+02   0.0000000e+00   0.0000000e+00
   3.0300000e+02   0.0000000e+00   0.0000000e+00
   3.0400000e+02   0.0000000e+00   0.0000000e+00
   3.0500000e+02   0.0000000e+00   0.0000000e+00
   3.0600000e+02   0.0000000e+00   0.0000000e+00
   3.0700000e+02   0.0000000e+00   0.0000000e+00
   3.0800000e+02   0.0000000e+00   0.0000000e+00
   3.0900000e+02   0.0000000e+00   0.0000000e+00
   3.1000000e+02   0.0000000e+00   0.0000000e+00
